# gauge_id= 0 location=(  0.0000000000E+00  0.0000000000E+00 ) num_var=  3
# level, time, q[  1  2  3], aux[]
   02  0.0000000E+00  0.0000000E+00  0.0000000E+00  0.0000000E+00
   02  0.5000000E-02  0.0000000E+00  0.0000000E+00  0.0000000E+00
   02  0.1000000E-01  0.0000000E+00  0.0000000E+00  0.0000000E+00
   02  0.1900000E-01  0.0000000E+00  0.0000000E+00  0.0000000E+00
   03  0.2800000E-01  0.0000000E+00  0.0000000E+00  0.0000000E+00
   03  0.3250000E-01  0.0000000E+00  0.0000000E+00  0.0000000E+00
   03  0.3700000E-01  0.0000000E+00  0.0000000E+00  0.0000000E+00
   03  0.4150000E-01  0.0000000E+00  0.0000000E+00  0.0000000E+00
   03  0.4600000E-01  0.0000000E+00  0.0000000E+00  0.0000000E+00
   03  0.5050000E-01  0.0000000E+00  0.0000000E+00  0.0000000E+00
   03  0.5500000E-01  0.0000000E+00  0.0000000E+00  0.0000000E+00
   03  0.5950000E-01  0.0000000E+00  0.0000000E+00  0.0000000E+00
   03  0.6400000E-01  0.0000000E+00  0.0000000E+00  0.0000000E+00
   03  0.6850000E-01  0.0000000E+00  0.0000000E+00  0.0000000E+00
   03  0.7300000E-01  0.0000000E+00  0.0000000E+00  0.0000000E+00
   03  0.7750000E-01  0.0000000E+00  0.0000000E+00  0.0000000E+00
   03  0.8200000E-01  0.0000000E+00  0.0000000E+00  0.0000000E+00
   03  0.8650000E-01  0.0000000E+00  0.0000000E+00  0.0000000E+00
   03  0.9100000E-01  0.5457531E-13 -0.1603615E-27 -0.8882557E-29
   03  0.9550000E-01  0.3014093E-11 -0.8163760E-26 -0.8127255E-27
   03  0.1000000E+00  0.1296075E-09 -0.3158289E-24 -0.9246080E-25
   03  0.1045000E+00  0.2584590E-08 -0.5865330E-23 -0.2086222E-23
   03  0.1090000E+00  0.3914902E-07 -0.8114580E-22 -0.4137065E-22
   03  0.1135000E+00  0.3922314E-06 -0.7896409E-21 -0.4321816E-21
   03  0.1180000E+00  0.3895977E-05 -0.7347393E-20 -0.6124209E-20
   03  0.1225000E+00  0.2550519E-04 -0.4334538E-19 -0.3948400E-19
   03  0.1270000E+00  0.1640497E-03 -0.2061789E-18 -0.2341123E-18
   03  0.1315000E+00  0.8245422E-03 -0.8386167E-18 -0.1174695E-17
   03  0.1360000E+00  0.3077071E-02 -0.1238757E-17 -0.3615240E-17
   03  0.1405000E+00  0.9754356E-02 -0.4366918E-17 -0.8428203E-17
   03  0.1450000E+00  0.2776907E-01 -0.1413526E-16 -0.1516906E-16
   03  0.1495000E+00  0.7087632E-01 -0.3704124E-16 -0.2314372E-16
   03  0.1540000E+00  0.1598826E+00  0.2056903E-16 -0.4410886E-16
   03  0.1585000E+00  0.3159271E+00  0.4058483E-16 -0.7962275E-16
   03  0.1630000E+00  0.5453255E+00  0.8566327E-16 -0.1265006E-15
   03  0.1675000E+00  0.8344281E+00  0.1304202E-15 -0.1765392E-15
   03  0.1720000E+00  0.1163950E+01 -0.6305959E-16 -0.1994784E-15
   03  0.1765000E+00  0.1522102E+01 -0.6626053E-16 -0.2076721E-15
   03  0.1810000E+00  0.1902145E+01 -0.8487141E-16 -0.2244806E-15
   03  0.1855000E+00  0.2294317E+01 -0.1079085E-15 -0.1861500E-15
   03  0.1900000E+00  0.2687544E+01 -0.4496657E-16 -0.2066645E-15
   03  0.1925000E+00  0.2902950E+01 -0.2693099E-17 -0.1810684E-15
   03  0.1950000E+00  0.3113810E+01  0.2365863E-16 -0.1352072E-15
   03  0.1975000E+00  0.3317478E+01  0.2017875E-16 -0.1492323E-15
