# gauge_id= 1 location=(  0.7000000000E+00  0.0000000000E+00 ) num_var=  3
# level, time, q[  1  2  3], aux[]
   03  0.0000000E+00  0.1530270E-02  0.0000000E+00  0.0000000E+00
   03  0.2500000E-02  0.3389274E-02  0.1488625E-02  0.4993366E-20
   03  0.5000000E-02  0.7782912E-02  0.3853952E-02  0.1483586E-19
   03  0.7500000E-02  0.1494704E-01  0.7501528E-02  0.3436174E-19
   03  0.1000000E-01  0.2507086E-01  0.1261683E-01  0.5866327E-19
   03  0.1450000E-01  0.5081683E-01  0.2562081E-01  0.1208676E-18
   03  0.1900000E-01  0.8503903E-01  0.4295102E-01  0.2170802E-18
   03  0.2350000E-01  0.1265908E+00  0.6408780E-01  0.3240298E-18
   03  0.2800000E-01  0.1745795E+00  0.8856866E-01  0.4585975E-18
   03  0.3250000E-01  0.2279114E+00  0.1159076E+00 -0.5888469E-18
   03  0.3700000E-01  0.2854601E+00  0.1454662E+00 -0.4694882E-18
   03  0.4150000E-01  0.3459104E+00  0.1766470E+00 -0.1477097E-17
   03  0.4600000E-01  0.4078325E+00  0.2088320E+00  0.6491276E-17
   03  0.5050000E-01  0.4699362E+00  0.2413402E+00  0.1400307E-16
   03  0.5500000E-01  0.5309843E+00  0.2734700E+00 -0.9742335E-18
   03  0.5950000E-01  0.5896669E+00  0.3046011E+00  0.2525054E-17
   03  0.6400000E-01  0.6448639E+00  0.3340773E+00  0.1636063E-16
   03  0.6850000E-01  0.6953803E+00  0.3613726E+00  0.1067818E-16
   03  0.7300000E-01  0.7400581E+00  0.3860089E+00  0.2498427E-16
   03  0.7750000E-01  0.7780768E+00  0.4074597E+00  0.5694978E-17
   03  0.8200000E-01  0.8090812E+00  0.4254694E+00 -0.1870531E-16
   03  0.8650000E-01  0.8325861E+00  0.4397943E+00 -0.1134405E-16
   03  0.9100000E-01  0.8475416E+00  0.4498865E+00  0.2483104E-16
   03  0.9550000E-01  0.8519517E+00  0.4547465E+00  0.1143404E-16
   03  0.1000000E+00  0.8468657E+00  0.4548133E+00  0.1014205E-16
   03  0.1045000E+00  0.8360378E+00  0.4519381E+00  0.3739207E-17
   03  0.1090000E+00  0.8195502E+00  0.4462438E+00  0.9045328E-17
   03  0.1135000E+00  0.7945855E+00  0.4362860E+00  0.1997459E-16
   03  0.1180000E+00  0.7608938E+00  0.4218740E+00  0.3632423E-16
   03  0.1225000E+00  0.7201549E+00  0.4038131E+00  0.3692993E-16
   03  0.1270000E+00  0.6741499E+00  0.3829574E+00  0.9451010E-17
   03  0.1315000E+00  0.6240571E+00  0.3598664E+00 -0.1968157E-16
   03  0.1360000E+00  0.5706764E+00  0.3349586E+00  0.5151778E-17
   03  0.1405000E+00  0.5148116E+00  0.3086910E+00  0.4018674E-16
   03  0.1450000E+00  0.4577248E+00  0.2816155E+00  0.3530004E-16
   03  0.1495000E+00  0.4009554E+00  0.2543245E+00  0.2118676E-16
   03  0.1540000E+00  0.3454378E+00  0.2273801E+00  0.4056957E-16
   03  0.1585000E+00  0.2915326E+00  0.2012864E+00  0.6713752E-16
   03  0.1630000E+00  0.2399690E+00  0.1765111E+00  0.9907237E-16
   03  0.1675000E+00  0.1921373E+00  0.1535516E+00  0.1232907E-15
   03  0.1720000E+00  0.1496109E+00  0.1328994E+00  0.1054285E-15
   03  0.1765000E+00  0.1131930E+00  0.1148891E+00  0.6386361E-16
   03  0.1810000E+00  0.8296547E-01  0.9970297E-01  0.1164510E-16
   03  0.1855000E+00  0.5861170E-01  0.8736292E-01 -0.3108359E-16
   02  0.1900000E+00  0.4622496E-01  0.8103869E-01 -0.4126826E-16
   02  0.1950000E+00  0.3503399E-01  0.7529162E-01 -0.3679669E-16
